METAZOA	SPECIES_NAME	A(%)_GENOME	T(%)_GENOME	G(%)_GENOME	C(%)_GENOME	N-Xs(%)_GENOME
1	acromyrmex echinatior	32.35	32.36	16.41	16.4	2.49
2	acropora digitifera	24.39	24.48	15.65	15.61	19.87
3	acyrthosiphon pisum	33.62	33.61	14.16	14.17	4.45
4	adineta vaga	33.91	33.91	15.12	15.11	1.95
5	aedes aegypti	29.87	29.87	18.43	18.42	3.4
6	ailuropoda melanoleuca	28.53	28.49	20.3	20.32	2.36
7	alligator mississippiensis	27.22	27.25	21.72	21.71	2.09
8	alligator sinensis	26.87	26.88	21.54	21.54	3.17
9	amphimedon queenslandica	27.88	27.89	15.57	15.56	13.1
10	anas platyrhynchos	28.58	28.55	19.83	19.86	3.18
11	anolis carolinensis	28.22	28.22	19.07	19.06	5.44
12	anopheles darlingi	25.8	25.81	24.18	24.21	0
13	anopheles gambiae	26.81	26.8	21.42	21.4	3.56
14	apis mellifera	30.03	30	15.44	15.46	9.06
15	aptenodytes forsteri	27.53	27.51	19.61	19.63	5.72
16	aquila chrysaetos	28.78	28.78	20.68	20.69	1.07
17	ascaris suum	30.14	30.19	18.49	18.45	2.73
18	astatotilapia burtoni	25.02	25	17.02	17.04	15.93
19	astyanax mexicanus	25.15	25.14	15.33	15.33	19.06
20	athalia rosae	28.15	28.14	19.73	19.71	4.28
21	atta cephalotes	29.81	29.85	14.41	14.41	11.51
22	balaenoptera acutorostrata	27.8	27.77	19.25	19.25	5.93
23	belgica antarctica	30.33	30.32	19.29	19.29	0.77
24	biomphalaria glabrata	31.42	31.37	17.68	17.62	1.91
25	bombus terrestris	29.73	29.71	17.97	17.95	4.63
26	bombyx mori	27.97	28	16.91	16.93	10.2
27	bos grunniens	27.82	27.83	19.9	19.91	4.54
28	bos taurus	28.83	28.89	20.76	20.74	0.78
29	branchiostoma floridae	27.06	27.07	18.96	18.96	7.95
30	brugia malayi	32.28	32.32	13.59	13.57	8.24
31	caenorhabditis briggsae	30.44	30.47	18.16	18.16	2.78
32	caenorhabditis elegans	32.28	32.28	17.71	17.73	0
33	callithrix jacchus	27.9	27.95	19.29	19.28	5.57
34	calycopis cecrops	29.73	29.74	17.54	17.53	5.46
35	calypte anna	28.47	28.43	19.79	19.81	3.5
36	camelus ferus	29.01	29.02	20.4	20.39	1.18
37	camponotus floridanus	31.71	31.73	16.51	16.51	3.54
38	canis familiaris	29.13	29.12	20.5	20.5	0.76
39	capitella teleta	24.75	24.73	16.77	16.76	16.99
40	capra hircus	27.56	27.62	19.79	19.78	5.25
41	cavia porcellus	29.36	29.37	19.54	19.53	2.2
42	cerapachys biroi	28.17	28.19	20.13	20.14	3.36
43	ceratitis capitata	29.38	29.42	16.05	16.06	9.09
44	ceratosolen solmsi	34.68	34.64	15.11	15.11	0.46
45	chaetura pelagica	28.11	28.14	19.87	19.85	4.03
46	charadrius vociferus	28.26	28.26	20.36	20.35	2.78
47	chelonia mydas	27.01	27.01	20.82	20.83	4.33
48	chilo suppressalis	28.12	28.12	15.63	15.64	12.49
49	chrysemys picta	25.64	25.63	20.31	20.29	8.14
50	ciona intestinalis	31.29	31.32	17.37	17.35	2.66
51	ciona savignyi	31.15	31.13	17.94	17.94	1.83
52	clonorchis sinensis	27.97	27.96	22.02	22.02	0.03
53	columba livia	28.71	28.71	20.35	20.33	1.9
54	corvus brachyrhynchos	27.99	28.06	20.19	20.14	3.62
55	crassostrea gigas	29.36	29.35	14.74	14.74	11.81
56	crocodylus porosus	27.42	27.41	21.75	21.76	1.66
57	cuculus canorus	28.57	28.53	20.25	20.27	2.38
58	culex pipiens	29.18	29.17	17.45	17.44	6.75
59	cynoglossus semilaevis	28.06	28.08	19.36	19.35	5.14
60	danaus plexippus	34.1	34.11	15.8	15.78	0.21
61	danio rerio	31.59	31.58	18.32	18.32	0.19
62	daphnia pulex	23.82	23.81	16.38	16.4	19.58
63	dendroctonus ponderosae	25.57	25.58	14.33	14.33	20.18
64	diaphorina citri	29.72	29.75	18.25	18.29	3.98
65	drosophila melanogaster	28.06	28	20.07	20.09	3.77
66	egretta garzetta	27.71	27.71	20.27	20.27	4.04
67	equus caballus	28.69	28.72	20.37	20.35	1.86
68	esox lucius	27.35	27.36	19.57	19.56	6.17
69	falco cherrug	28.58	28.51	20.42	20.47	2.02
70	falco peregrinus	28.64	28.66	20.57	20.55	1.58
71	felis catus	28.06	28.08	20.08	20.07	3.72
72	ficedula albicollis	27.49	27.49	21.92	21.67	1.43
73	fopius arisanus	28.16	28.18	17.71	17.71	8.24
74	gadus morhua	20	19.78	16.7	16.59	26.93
75	gallus gallus	28.68	28.7	20.63	20.64	1.34
76	gasterosteus aculeatus	26.8	26.82	21.57	21.58	3.23
77	gavialis gangeticus	20.64	20.64	16.48	16.47	25.77
78	geospiza fortis	28.55	28.53	20.32	20.34	2.25
79	glossina morsitans	32.66	32.66	16.93	16.91	0.84
80	gorilla gorilla	27.6	27.73	18.8	18.91	6.97
81	haliaeetus leucocephalus	28.69	28.69	20.49	20.5	1.63
82	harpegnathos saltator	26.33	26.31	21.69	21.66	4.01
83	heliconius melpomene	33.08	33.07	16.17	16.17	1.51
84	helobdella robusta	30.76	30.73	15.03	15.01	8.47
85	homo sapiens	27.27	27.31	18.89	18.88	7.64
86	hydra magnipapillata	33.38	33.38	12.71	12.71	7.82
87	ictidomys tridecemlineatus	28.03	28.01	18.59	18.62	6.75
88	ixodes scapularis	21.55	21.54	17.77	17.79	21.35
89	larimichthys crocea	28.1	28.11	19.62	19.62	4.55
90	latimeria chalumnae	22.46	22.46	15.71	15.71	23.67
91	lerema accius	31.84	31.87	16.71	16.71	2.88
92	linepithema humile	30.26	30.23	18.26	18.28	2.97
93	lingula anatina	30.48	30.49	17.47	17.45	4.11
94	lipotes vexillifer	28.98	28.95	20.38	20.37	1.33
95	loa loa	34.64	34.4	15.46	15.5	0
96	locusta migratoria	24.96	24.96	17.12	17.12	15.84
97	lottia gigantea	27.73	27.74	13.83	13.83	16.86
98	loxodonta africana	28.89	28.9	19.88	19.89	2.45
99	lucilia cuprina	28.74	28.73	11.87	11.87	18.79
100	lutzomyia longipalpis	30.08	30.08	16.2	16.21	7.43
101	macaca fascicularis	24.93	24.94	17.03	17.03	16.07
102	macaca mulatta	27.4	27.41	18.94	18.94	7.31
103	macropus eugenii	26.28	26.34	16.67	16.71	14.01
104	manacus vitellinus	28.74	28.74	19.96	19.95	2.6
105	manduca sexta	30.89	30.92	16.84	16.82	4.52
106	mayetiola destructor	27.6	27.49	13.69	13.65	17.56
107	megachile rotundata	30.92	30.95	17.82	17.84	2.47
108	megaselia scalaris	20.63	20.62	10.54	10.28	37.94
109	meleagris gallopavo	26.2	26.23	17.87	17.85	11.85
110	melitaea cinxia	31.21	31.22	15.08	15.08	7.42
111	melopsittacus undulatus	28.58	28.56	20.05	20.06	2.75
112	metaseiulus occidentalis	24.15	24.14	25.72	25.73	0.26
113	metriaclima zebra	24.98	24.96	17.01	17.03	16.02
114	microcebus murinus	18.63	18.63	13.2	13.2	36.35
115	microplitis demolitor	31.17	31.17	13.64	13.63	10.4
116	mnemiopsis leidyi	29.47	29.5	18.74	18.75	3.55
117	monodelphis domestica	30.19	30.2	18.37	18.37	2.88
118	mus musculus	28.32	28.35	20.24	20.24	2.86
119	musca domestica	29.9	29.91	16.18	16.19	7.82
120	myotis brandtii	27	27	20.11	20.11	5.77
121	myotis davidii	26.13	26.11	19.49	19.5	8.76
122	myotis lucifugus	27.79	27.78	20.54	20.54	3.35
123	nanorana parkeri	27.62	27.59	20.46	20.48	3.86
124	nasonia vitripennis	25.01	25.03	19.11	19.1	11.75
125	nematostella vectensis	24.74	24.77	16.94	16.95	16.61
126	neolamprologus brichardi	24.14	24.04	16.33	16.39	19.1
127	nilaparvata lugens	15.91	15.91	8.35	8.34	51.49
128	nipponia nippon	28.24	28.29	20.35	20.3	2.81
129	notothenia coriiceps	29.08	29.06	19.89	19.88	2.09
130	octopus bimaculoides	27.22	27.06	15.29	15.29	15.13
131	oikopleura dioica	28.41	28.45	18.79	18.76	5.59
132	operophtera brumata	30.03	30.03	18.91	18.91	2.12
133	ophiophagus hannah	26.21	26.12	17.11	17.07	13.5
134	ophisaurus gracilis	27.32	27.33	21.21	21.22	2.92
135	opisthocomus hoazin	27.32	27.32	20.12	20.13	5.11
136	orcinus orca	27.8	27.8	19.6	19.6	5.2
137	oreochromis niloticus	26.2	26.21	17.77	17.78	12.04
138	ornithorhynchus anatinus	25.19	25.22	21.01	21.07	7.5
139	oryctolagus cuniculus	26.72	26.79	20.82	20.8	4.88
140	oryzias latipes	23.99	23.99	16.3	16.31	19.4
141	ovis aries	27.23	27.28	19.43	19.42	6.63
142	pan troglodytes	25.96	26	17.87	17.86	12.3
143	panthera tigris	28.6	28.58	20.18	20.21	2.44
144	papilio glaucus	31.13	31.13	17.05	17.05	3.63
145	papilio polytes	31.75	31.75	16.33	16.32	3.85
146	papilio xuthus	32.29	32.29	16.5	16.49	2.44
147	pediculus humanus	35.43	35.52	13.46	13.41	2.18
148	pelodiscus sinensis	26.58	26.6	21.25	21.23	4.35
149	petromyzon marinus	19.78	19.8	16.76	16.76	26.9
150	phlebotomus papatasi	31.54	31.5	15.97	15.93	5.05
151	phoebis sennae	32.43	32.44	15.96	15.94	3.23
152	picoides pubescens	26.72	26.71	21.42	21.43	3.72
153	pinctada fucata	30.27	30.32	16.35	16.36	6.71
154	plutella xylostella	26.4	26.39	16.42	16.41	14.38
155	poecilia formosa	29.01	29.01	18.66	18.68	4.64
156	pogona vitticeps	27.95	27.98	20.15	20.14	3.78
157	pogonomyrmex barbatus	29.68	29.7	17.06	17.06	6.49
158	pongo abelii	26.6	26.63	18.27	18.26	10.25
159	pristionchus pacificus	24.62	24.62	18.38	18.36	14.02
160	pseudopoces humilis	28.74	28.83	20.61	20.57	1.25
161	pteropus alecto	29.45	29.47	19.51	19.52	2.04
162	ptychodera flava	28.62	28.65	17.2	17.2	8.33
163	pundamilia nyererei	25.04	24.95	17.07	17.11	15.83
164	pygoscelis adeliae	27.96	27.92	19.82	19.85	4.45
165	python molurus	29.14	29.13	19.1	19.11	3.52
166	rattus norvegicus	25.67	25.67	18.54	18.54	11.58
167	rhodnius prolixus	26.4	26.39	13.55	13.57	20.09
168	saccoglossus kowalevskii	31.05	31.06	17.43	17.41	3.05
169	sarcophilus harrisii	29.52	29.53	16.64	16.64	7.66
170	sarcoptes scabiei	33.62	33.09	16.64	16.61	0.05
171	schistosoma mansoni	32.2	32.23	17.51	17.5	0.56
172	serinus canaria	28.17	28.13	20.8	20.74	2.16
173	solenopsis invicta	28.18	28.27	15.93	15.92	11.7
174	stegodyphus mimosarum	32.64	32.65	16.54	16.54	1.63
175	strigamia maritima	31.74	31.66	17.55	17.57	1.48
176	strongylocentrotus purpuratus	27.79	27.85	16.33	16.37	11.67
177	strongyloides ratti	39.09	39.02	10.65	10.65	0.59
178	struthio camelus	28.52	28.5	19.85	19.85	3.29
179	sus scrofa	26.13	26.16	18.7	18.7	10.31
180	taeniopygia guttata	29.11	29.12	20.49	20.48	0.81
181	takifugu rubripes	24.34	24.36	20.3	20.3	10.7
182	tetranychus urticae	33.42	33.42	15.9	15.92	1.34
183	tetraodon nigroviridis	22.6	22.59	19.55	19.55	15.7
184	thelohanellus kitauei	28.08	28.06	12.75	12.75	18.36
185	tinamus guttatus	28.7	28.66	20.25	20.27	2.12
186	tribolium castaneum	21.89	21.87	11.2	11.2	33.84
187	trichinella spiralis	30.5	30.4	15.59	15.66	7.85
188	trichoplax adhaerens	30.13	30.2	14.7	14.67	10.3
189	tupaia chinensis	27.68	27.69	19.83	19.82	4.97
190	vollenhovia emeryi	26.96	27.02	19.69	19.68	6.65
191	wasmannia auropunctata	27.07	26.99	17.05	17.02	11.86
192	xenopus laevis	26.66	26.51	16.98	16.97	12.87
193	xenopus tropicalis	26.93	26.92	18	18	10.15
194	xiphophorus maculatus	27.45	27.34	17.34	17.34	10.53
195	zonotrichia albicollis	27.93	27.97	19.86	19.84	4.4
196	zootermopsis nevadensis	29.58	29.6	18.28	18.26	4.28
						
VIRIDIPLANTAE	SPECIES_NAME	A(%)_GENOME	T(%)_GENOME	G(%)_GENOME	C(%)_GENOME	N-Xs(%)_GENOME
1	actinidia chinensis	31.07	30.95	16.84	16.84	4.3
2	aegilops tauschii	21.97	21.94	18.66	18.66	18.77
3	aethionema arabicum	27.5	27.38	14.11	14.12	16.88
4	amborella trichopoda	29.53	29.62	17.73	17.72	5.4
5	aquilegia coerulea	30.6	30.62	17.92	17.91	2.95
6	arabidopsis lyrata	28.41	28.42	16.04	16.05	11.08
7	arabidopsis thaliana	31.95	31.92	17.98	17.99	0.16
8	asterochloris sp	21.01	20.93	28.71	28.65	0.69
9	bathycoccus prasinos	25.92	25.94	23.99	24.03	0.13
10	beta vulgaris	27.55	27.59	15.64	15.62	13.61
11	brachypodium distachyon	26.68	26.69	23.1	23.11	0.42
12	brassica rapa	31.14	31.15	16.96	16.97	3.78
13	cajanus cajan	31.69	31.67	15.48	15.48	5.68
14	camelina sativa	29.51	29.48	16.99	17	7.02
15	capsella rubella	31.04	31.06	17.19	17.19	3.53
16	capsicum annuum	31.51	31.49	16.99	16.97	3.04
17	carica papaya	23.22	23.22	12.46	12.46	28.64
18	chlamydomonas reinhardtii	17.3	17.31	30.86	30.88	3.65
19	chlorella variabilis	15.04	15.01	30.68	30.72	8.55
20	cicer arietinum	31.28	31.27	14.07	14.08	9.3
21	citrullus lanatus	30.36	30.36	14.88	14.87	9.54
22	citrus clementina	32	32.01	16.85	16.86	2.29
23	citrus sinensis	25.91	25.8	13.68	13.71	20.9
24	coccomyxa subellipsoidea	23.54	23.53	26.47	26.46	0
25	coffea canephora	26.18	26.21	15.16	15.15	17.3
26	cucumis melo	29.88	29.94	14.85	14.85	10.49
27	cucumis sativus	32.1	32.02	15.3	15.28	5.3
28	elaeis guineensis	21.62	21.61	12.81	12.81	31.14
29	eucalyptus grandis	28.14	28.13	18.2	18.2	7.33
30	fragaria vesca	28.71	28.7	17.85	17.87	6.87
31	genlisea aurea	29.69	29.7	20.33	20.28	0
32	glycine max	32.01	32.01	17.05	17.05	1.88
33	gossypium raimondii	32.81	32.81	16.32	16.32	1.75
34	helicosporidium sp	19.24	19.08	30.83	30.86	0
35	hordeum vulgare	4.1	4.1	3.47	3.46	84.87
36	jatropha curcas	32.91	32.82	16.73	16.74	0.81
37	leavenworthia alabamica	29.15	29.1	14.7	14.75	12.3
38	linum usitatissimum	28.71	28.68	18.78	18.78	5.05
39	lotus japonicus	21.02	21.01	12.32	12.33	33.32
40	malus domestica	19.74	19.74	11.96	11.97	36.6
41	manihot esculenta	25.45	25.45	13.86	13.91	21.33
42	medicago truncatula	29.04	28.97	14.77	14.77	12.44
43	micromonas pusilla	16.89	16.85	32.65	32.65	0.95
44	micromonas spRCC299	17.99	18.04	32.02	31.95	0
45	mimulus guttatus	30.2	30.09	16.58	16.59	6.55
46	musa acuminata	25.25	25.22	16.03	16.06	17.44
47	nelumbo nucifera	27.13	27.14	16.84	16.85	12.05
48	nicotiana tabacum	29.57	29.54	18.87	18.91	3.11
49	oryza brachyantha	27.76	27.75	18.89	18.88	6.72
50	oryza glaberrima	27.41	27.38	20.55	20.52	4.14
51	oryza indica	27.16	27.18	20.9	20.93	3.83
52	oryza sativa	28.21	28.21	21.78	21.77	0.03
53	ostreococcus lucimarinus	19.81	19.75	30.24	30.2	0
54	ostreococcus sp	20.01	20.04	29.76	29.81	0.38
55	ostreococcus tauri	20.33	20.36	29.53	29.52	0.27
56	panicum virgatum	26.57	26.97	23.26	23.19	0
57	phalaenopsis equestris	30.27	30.27	15.93	15.93	7.6
58	phaseolus vulgaris	29.49	29.49	15.87	15.84	9.32
59	phoenix dactylifera	29.53	29.49	18.52	18.54	3.92
60	phyllostachys heterocycla	25.15	25.14	19.67	19.68	10.37
61	physcomitrella patens	31.41	31.39	15.89	15.89	5.43
62	pinus taeda	27.69	27.48	17.05	17.08	10.71
63	populus trichocarpa	32.12	32.1	16.28	16.29	3.21
64	prunus mume	28.99	28.99	17.37	17.36	7.28
65	prunus persica	30.85	30.91	18.52	18.55	1.16
66	pyrus bretschneideri	30.69	30.65	18.24	18.24	2.17
67	ricinus communis	31.76	31.82	16.24	16.28	3.9
68	selaginella moellendorffii	26.85	26.9	22.19	22.19	1.87
69	sesamum indicum	31.97	31.96	17.21	17.21	1.66
70	setaria italica	26.61	26.6	22.81	22.79	1.19
71	sisymbrium irio	26.49	26.38	14.93	14.95	17.24
72	solanum lycopersicum	31.12	31.11	16.07	16.06	5.63
73	solanum melongena	30.67	30.57	16.96	17.05	4.75
74	solanum tuberosum	25.83	25.84	13.76	13.77	20.8
75	sorghum bicolor	26.49	26.48	20.75	20.74	5.55
76	spirodela polyrhiza	25.57	25.61	18.53	18.54	11.74
77	tarenaya hassleriana	26.57	26.57	17.27	17.27	12.32
78	thellungiella halophila	30.54	30.56	18.48	18.51	1.91
79	theobroma cacao	29.29	29.27	15.25	15.22	10.97
80	triticum aestivum	27.3	27.3	22.55	22.55	0.3
81	triticum urartu	21.88	21.85	18.28	18.29	19.7
82	utricularia gibba	29.69	29.69	20	20.02	0.59
83	vitis vinifera	31.65	31.65	16.7	16.71	3.29
84	volvox carteri	20.97	20.98	26.81	26.81	4.43
85	zea mays	26.39	26.39	23.29	23.31	0.63
						
PROTISTS	SPECIES_NAME	A(%)_GENOME	T(%)_GENOME	G(%)_GENOME	C(%)_GENOME	N-Xs(%)_GENOME
1	acanthamoeba castellanii	19.53	19.51	27.44	27.4	6.13
2	albugo laibachii	27.82	27.83	22.17	22.17	0
3	aurantiochytrium limacinum	26.97	27.02	22.23	22.25	1.54
4	aureococcus anophagefferens	13.69	13.69	31.2	31.2	10.22
5	babesia bovis	29.26	29.06	20.82	20.86	0
6	bigelowiella natans	26.6	26.62	21.65	21.65	3.48
7	blastocystis hominis	27.25	27.29	22.52	22.55	0.39
8	capsaspora owczarzaki	22.64	22.66	26.4	26.4	1.91
9	chondrus crispus	23.32	23.36	26.27	26.19	0.85
10	cryptosporidium hominis	34.54	34.52	15.2	15.7	0.03
11	cryptosporidium muris	35.79	35.69	14.24	14.22	0.07
12	cryptosporidium parvum	34.92	34.74	15.16	15.01	0.16
13	cyanidioschyzon merolae	22.52	22.47	27.51	27.51	0
14	dictyostelium discoideum	38.78	38.76	11.17	11.22	0.07
15	dictyostelium fasciculatum	33.06	33.11	16.91	16.92	0
16	dictyostelium purpureum	37.66	37.6	12.18	12.2	0.35
17	ectocarpus siliculosus	22.63	22.67	26.18	26.13	2.39
18	emiliania huxleyi	15.98	15.96	30.58	30.51	6.98
19	entamoeba dispar	38.06	37.84	11.78	11.76	0.56
20	entamoeba histolytica	37.68	37.81	12.11	12.09	0.31
21	entamoeba invadens	34.56	34.59	14.97	14.95	0.93
22	fonticula alba	12.91	13.02	27.64	27.56	18.87
23	fragilariopsis cylindrus	29.08	29.1	18.23	18.21	5.38
24	galdieria sulphuraria	30.55	30.41	18.33	18.56	2.15
25	giardia intestinalis	26.38	26.36	23.64	23.62	0
26	gregarina niphandrodes	22.5	22.49	26.2	26.16	2.65
27	guillardia theta	22.45	22.46	25.4	25.45	4.23
28	hammondia hammondi	23.23	23.29	26.54	26.59	0.34
29	hyaloperonospora arabidopsidis	23.69	23.7	21.19	21.2	10.22
30	ichthyophthirius multifiliis	41.93	41.96	7.96	7.97	0.18
31	leishmania braziliensis	20.93	21.18	28.64	28.97	0.29
32	leishmania infantum	20.03	20.36	29.63	29.9	0.08
33	leishmania major	19.98	20.32	29.72	29.98	0
34	monosiga brevicollis	20.95	20.93	25.46	25.49	7.17
35	naegleria gruberi	29.66	29.57	14.69	14.68	11.4
36	nannochloropsis gaditana	20.46	20.4	24.3	24.18	10.66
37	neospora caninum	22.58	22.58	27.42	27.38	0.04
38	oxytricha trifallax	35.86	35.7	14.21	14.23	0
39	paramecium tetraurelia	35.7	35.67	13.93	13.9	0.8
40	perkinsus marinus	26.12	26.13	23.53	23.58	0.65
41	phaeodactylum tricornutum	25.2	25.16	24.03	24.04	1.58
42	phytophthora infestans	20.41	20.39	21.22	21.18	16.81
43	phytophthora ramorum	18.85	18.83	22	21.98	18.35
44	phytophthora sojae	20.66	20.67	24.68	24.72	9.27
45	plasmodiophora brassicae	20.03	20.02	29.27	29.26	1.43
46	plasmodium berghei	38.74	38.61	10.94	11.03	0.68
47	plasmodium chabaudi	38.26	38.11	11.76	11.87	0
48	plasmodium falciparum	40.31	40.32	9.7	9.66	0
49	plasmodium knowlesi	29.53	29.65	18.67	18.87	3.29
50	plasmodium vivax	28.76	28.86	21.07	21.13	0.18
51	polysphondylium pallidum	33.95	33.97	16.02	16.06	0.01
52	pseudonitzschia multiseries	25.38	25.38	20.36	20.36	8.52
53	pyropia yezoensis	18.07	17.95	31.56	31.4	1.02
54	pythium ultimum	22.72	22.73	24.89	24.94	4.72
55	reticulomyxa filosa	32.5	32.48	17.5	17.52	0
56	salpingoeca rosetta	20.47	20.56	26.12	26.12	6.74
57	saprolegnia parasitica	18.83	18.83	26.5	26.49	9.33
58	sphaeroforma arctica	23.26	23.42	16.8	16.71	19.81
59	spironucleus salmonicida	33.11	33.05	16.68	16.68	0.48
60	stylonychia lemnae	33.86	34.43	15.78	15.92	0
61	symbiodinium minutum	28	28.01	21.47	21.57	0.95
62	tetrahymena thermophila	38.81	38.83	11.16	11.14	0.06
63	thalassiosira oceanica	23.36	23.32	26.67	26.64	0
64	thalassiosira pseudonana	26.43	26.4	23.33	23.33	0.51
65	thecamonas trahens	17.4	17.45	31.1	31.2	2.85
66	theileria annulata	33.71	33.74	16.28	16.27	0.01
67	theileria parva	32.87	33.02	17	17.11	0
68	toxoplasma gondii	23.78	23.79	26.06	26.08	0.28
69	trichomonas vaginalis	33.42	33.44	16.34	16.34	0.46
70	trypanosoma brucei	26.63	26.88	23.19	23.29	0.01
71	trypanosoma congolense	23.3	23.24	21.6	21.71	10.14
72	trypanosoma vivax	21.14	21.08	22.75	22.97	12.06
73	vitrella brassicaformis	20.69	20.69	28.66	28.68	1.28
						
FUNGI	SPECIES_NAME	A(%)_GENOME	T(%)_GENOME	G(%)_GENOME	C(%)_GENOME	N-Xs(%)_GENOME
1	acidomyces richmondensis	25.22	25.42	24.68	24.65	0.02
2	acremonium alcalophilum	26.66	26.76	23.15	23.19	0.24
3	agaricus bisporus	26.56	26.6	23.08	23.09	0.68
4	allomyces macrogynus	17.72	17.71	28.39	28.41	7.77
5	amanita muscaria	23.1	23.07	20.92	20.94	11.97
6	amorphotheca resinae	26.06	26.01	23.69	23.64	0.6
7	ascoidea rubescens	33.52	33.47	16.37	16.41	0.24
8	ashbya gossypii	24.13	24.08	25.84	25.95	0
9	aspergillus fumigatus	24.62	24.59	24.43	24.39	1.97
10	aspergillus nidulans	24.78	24.84	25.18	25.17	0.04
11	aspergillus niger	24.49	24.45	24.84	24.83	1.38
12	aspergillus oryzae	25.26	25.24	23.56	23.56	2.38
13	aspergillus terreus	23.43	23.46	26.29	26.37	0.45
14	aureobasidium pullulans	24.64	24.57	25.36	25.41	0.02
15	auricularia delicata	19.07	19.06	27.04	26.99	7.83
16	babjeviella inositovora	25.7	25.6	23.81	23.78	1.1
17	batrachochytrium dendrobatidis	30.17	30.11	19.47	19.49	0.76
18	baudoinia compniacensis	22.61	22.58	27.39	27.37	0.05
19	bjerkandera adusta	21.29	21.25	25.84	25.78	5.85
20	botryobasidium botryosum	23.32	23.29	25.71	25.69	1.98
21	botrytis cinerea	25.92	25.85	19.59	19.57	9.09
22	candida albicans	33.16	33.1	16.67	16.67	0.39
23	candida dubliniensis	33.38	33.37	16.64	16.61	0
24	candida glabrata	30.65	30.7	19.3	19.36	0
25	catenaria anguillulae	20.17	20.03	25.39	25.53	8.87
26	cercospora zeae	23.06	23.04	21.68	21.7	10.52
27	ceriporiopsis subvermispora	22.49	22.45	26.1	26.15	2.81
28	chaetomium globosum	21.88	21.86	27.33	27.35	1.58
29	cladonia grayi	26.8	26.81	21.66	21.63	3.09
30	cladosporium fulvum	25.47	25.48	24.27	24.26	0.52
31	cochliobolus heterostrophus	25.03	25.02	24.81	24.79	0.36
32	cochliobolus lunatus	24.5	24.55	25.37	25.38	0.19
33	coemansia reversa	25.9	25.92	21.32	21.38	5.48
34	conidiobolus coronatus	28.7	28.79	11	10.98	20.53
35	coniophora puteana	23.18	23.2	25.53	25.52	2.57
36	coprinopsis cinerea	24.19	24.14	25.85	25.81	0
37	cronartium quercuum	22.79	22.77	15.86	15.89	22.69
38	cryphonectria parasitica	24.53	24.55	25.37	25.38	0.16
39	cryptococcus gattii	26.03	26.05	24	23.85	0.07
40	cryptococcus neoformans	25.72	25.73	24.29	24.25	0.01
41	dacryopinax sp	22.34	22.35	24.44	24.43	6.45
42	daldinia eschscholzii	27.41	27.44	22.44	22.43	0.28
43	debaryomyces hansenii	31.81	31.82	18.12	18.1	0.15
44	dekkera bruxellensis	28.83	28.6	18.98	19.22	4.38
45	dichomitus squalens	20.51	20.51	25.65	25.63	7.7
46	didymella exigua	23.1	23.1	25.83	25.84	2.13
47	dothistroma septosporum	23.37	23.33	26.45	26.4	0.45
48	encephalitozoon cuniculi	26.38	26.29	23.77	23.52	0.03
49	encephalitozoon intestinalis	29.34	29.14	20.99	20.53	0
50	eurotium herbariorum	25.49	25.47	24.28	24.26	0.51
51	fomitiporia mediterranea	26.48	26.54	18.33	18.26	10.39
52	fomitopsis pinicola	21.08	21.02	26.53	26.52	4.84
53	fusarium oxysporum	25.21	25.22	23.73	23.7	2.15
54	galerina marginata	25.36	25.32	23.36	23.37	2.58
55	ganoderma sp	21.58	21.57	27.17	27.16	2.52
56	gibberella moniliformis	25.56	25.58	24.33	24.32	0.21
57	gibberella zeae	25.67	25.67	24.02	24.02	0.62
58	gloeophyllum trabeum	21.65	21.66	24.65	24.65	7.39
59	gonapodya prolifera	23.55	23.51	25.92	25.9	1.11
60	gymnopus luxurians	27.01	27.03	22.17	22.19	1.6
61	hanseniaspora valbyensis	30.97	30.96	11.28	11.29	15.51
62	hansenula polymorpha	26.09	26.04	23.92	23.94	0.01
63	hebeloma cylindrosporum	25.28	25.32	23.74	23.75	1.91
64	heterobasidion annosum	23.88	23.9	26.14	26.09	0
65	hydnomerulius pinastri	22.78	22.57	23.33	23.46	7.85
66	hypholoma sublateritium	23.72	23.69	24.7	24.72	3.18
67	hyphopichia burtonii	32.42	32.3	17.42	17.41	0.45
68	hypoxylon sp	29.85	29.9	20.05	20.02	0.18
69	hysterium pulicare	25.54	25.49	24.31	24.3	0.36
70	jaapia argillacea	24.09	24.17	23.87	23.94	3.93
71	kluyveromyces lactis	30.62	30.62	19.35	19.41	0
72	laccaria bicolor	23.95	24.02	21.22	21.27	9.55
73	lachancea thermotolerans	26.36	26.33	23.62	23.67	0.03
74	leptosphaeria maculans	26.69	26.69	22.05	22.06	2.51
75	lipomyces starkeyi	25.83	25.78	22.79	22.83	2.76
76	magnaporthe oryzae	24.13	24.17	25.77	25.74	0.19
77	magnaporthe poae	18.79	18.81	24.91	24.92	12.56
78	malassezia globosa	23.95	23.99	25.95	26.11	0
79	melampsora laricis	28.46	28.53	19.79	19.82	3.41
80	metschnikowia bicuspidata	25.51	25.41	23.35	23.38	2.35
81	mixia osmundae	22.13	22.12	27.64	27.61	0.51
82	mucor circinelloides	28.91	28.92	21.07	21.1	0
83	myceliophthora thermophila	24.29	24.25	25.74	25.71	0
84	mycosphaerella graminicola	23.9	23.95	26.05	26.08	0.02
85	nadsonia fulvescens	30.24	30.23	19.47	19.6	0.46
86	nectria haematococca	24.22	24.22	25.78	25.76	0.02
87	neurospora crassa	25.34	25.36	24.63	24.66	0.01
88	neurospora tetrasperma	24.87	24.87	24.3	24.29	1.67
89	nosema ceranae	37.42	37.31	12.65	12.62	0
90	oidiodendron maius	26.33	26.35	23.46	23.46	0.39
91	pachysolen tannophilus	34.38	34.37	14.66	14.7	1.88
92	paxillus rubicundulus	26.01	25.98	23.98	23.97	0.06
93	penicillium chrysogenum	25.47	25.54	24.28	24.32	0.38
94	phaeosphaeria nodorum	24.67	24.69	25.13	25.07	0.44
95	phanerochaete carnosa	21.84	21.81	24.76	24.76	6.83
96	phanerochaete chrysosporium	19.97	19.96	26.28	26.27	7.53
97	phlebia brevispora	22.28	22.34	24.13	24.19	7.07
98	phlebiopsis gigantea	22.24	22.27	26.97	27.04	1.47
99	phycomyces blakesleeanus	31.82	31.72	17.74	17.66	1.06
100	pichia pastoris	29.38	29.48	20.55	20.58	0.01
101	pichia stipitis	29.46	29.4	20.59	20.55	0
102	piloderma croceum	23.73	23.64	20.36	20.45	11.82
103	piriformospora indica	24.48	24.42	25.11	25.15	0.85
104	piromyces sp	23.6	23.51	6.57	6.57	39.75
105	pisolithus microcarpus	22.88	22.79	21.86	21.95	10.52
106	pisolithus tinctorius	22.17	22.13	21.19	21.24	13.27
107	pleurotus ostreatus	24.56	24.5	25.47	25.48	0
108	plicaturopsis crispa	22.4	22.36	25.98	25.95	3.31
109	postia placenta	17.52	17.51	20.44	20.4	24.13
110	puccinia graminis	26.04	26.05	19.94	19.93	8.04
111	punctularia strigosozonata	21.69	21.71	26.65	26.72	3.22
112	pyrenophora teres	24.56	24.52	25.44	25.46	0.02
113	rhizopus oryzae	31.61	31.64	17.49	17.48	1.79
114	rhodotorula graminis	15.97	15.91	33.54	33.46	1.13
115	rhytidhysteron rufulum	25.9	25.9	23.79	23.78	0.64
116	saccharomyces cerevisiae	30.9	30.8	19.13	19.17	0
117	saitoella complicata	23.69	23.64	26.26	26.25	0.17
118	schizophyllum commune	20.98	20.92	28.38	28.3	1.43
119	schizosaccharomyces pombe	31.95	32	18.03	18.02	0
120	scleroderma citrinum	24.14	24.1	22.79	22.87	6.09
121	sclerotinia sclerotiorum	28.82	28.84	20.74	20.77	0.83
122	sebacina vermifera	23.89	23.66	22.72	22.83	6.89
123	septoria musiva	24.03	24.12	25.19	25.18	1.48
124	serpula lacrymans	27.05	27.13	22.47	22.45	0.9
125	setosphaeria turcica	21.55	21.64	22.87	22.87	11.07
126	spathaspora passalidarum	31.04	31.11	18.51	18.57	0.78
127	sphaerobolus stellatus	19.3	19.26	15.38	15.41	30.65
128	spizellomyces punctatus	25.97	25.94	23.61	23.55	0.93
129	sporisorium reilianum	19.66	19.72	29.38	29.41	1.84
130	sporobolomyces roseus	22.76	22.76	26.46	26.45	1.57
131	stagonospora nodorum	24.65	24.67	25.15	25.09	0.44
132	stereum hirsutum	23.89	23.9	25.19	25.16	1.86
133	thielavia terrestris	22.65	22.64	27.35	27.36	0
134	trametes versicolor	20.25	20.26	27.63	27.6	4.26
135	trichoderma citrinoviride	23.59	23.57	25.95	25.98	0.91
136	trichoderma longibrachiatum	22.68	22.65	25.52	25.5	3.65
137	tuber melanosporum	27.26	27.26	22.16	22.19	1.13
138	tulasnella calospora	20.3	20.2	21.41	21.49	16.59
139	ustilago maydis	22.99	23.05	26.97	26.99	0
140	verticillium dahliae	21.45	21.49	27.13	27.19	2.74
141	wickerhamomyces anomalus	31.79	31.69	16.79	16.72	3.01
142	wolfiporia cocos	22.85	22.86	24.93	24.92	4.44
143	xanthoria parietina	24.95	25	24.85	24.89	0.32
144	yarrowia lipolytica	25.48	25.46	24.51	24.54	0.01
145	zasmidium cellare	23.28	23.3	26.64	26.65	0.13
146	zygosaccharomyces rouxii	30.43	30.43	19.56	19.57	0.01
147	zymoseptoria tritici	23.9	23.95	26.05	26.08	0.02
